(kicad_pcb (version 20171130) (host pcbnew "(5.1.12)-1")

  (general
    (thickness 1.6)
    (drawings 39)
    (tracks 402)
    (zones 0)
    (modules 53)
    (nets 31)
  )

  (page A4)
  (layers
    (0 F.Cu signal)
    (31 B.Cu signal)
    (32 B.Adhes user)
    (33 F.Adhes user)
    (34 B.Paste user)
    (35 F.Paste user)
    (36 B.SilkS user)
    (37 F.SilkS user)
    (38 B.Mask user)
    (39 F.Mask user)
    (40 Dwgs.User user)
    (41 Cmts.User user)
    (42 Eco1.User user)
    (43 Eco2.User user)
    (44 Edge.Cuts user)
    (45 Margin user)
    (46 B.CrtYd user)
    (47 F.CrtYd user)
    (48 B.Fab user)
    (49 F.Fab user)
  )

  (setup
    (last_trace_width 0.25)
    (user_trace_width 0.254)
    (user_trace_width 0.354)
    (user_trace_width 0.54)
    (user_trace_width 0.95)
    (user_trace_width 1.2)
    (user_trace_width 1.5)
    (trace_clearance 0.2)
    (zone_clearance 0.508)
    (zone_45_only no)
    (trace_min 0.2)
    (via_size 0.8)
    (via_drill 0.4)
    (via_min_size 0.4)
    (via_min_drill 0.3)
    (uvia_size 0.3)
    (uvia_drill 0.1)
    (uvias_allowed no)
    (uvia_min_size 0.2)
    (uvia_min_drill 0.1)
    (edge_width 0.05)
    (segment_width 0.2)
    (pcb_text_width 0.3)
    (pcb_text_size 1.5 1.5)
    (mod_edge_width 0.12)
    (mod_text_size 1 1)
    (mod_text_width 0.15)
    (pad_size 1.524 1.524)
    (pad_drill 0.762)
    (pad_to_mask_clearance 0)
    (aux_axis_origin 0 0)
    (visible_elements 7FFDFFFF)
    (pcbplotparams
      (layerselection 0x310fc_ffffffff)
      (usegerberextensions false)
      (usegerberattributes true)
      (usegerberadvancedattributes true)
      (creategerberjobfile true)
      (excludeedgelayer true)
      (linewidth 0.100000)
      (plotframeref false)
      (viasonmask false)
      (mode 1)
      (useauxorigin false)
      (hpglpennumber 1)
      (hpglpenspeed 20)
      (hpglpendiameter 15.000000)
      (psnegative false)
      (psa4output false)
      (plotreference true)
      (plotvalue false)
      (plotinvisibletext false)
      (padsonsilk false)
      (subtractmaskfromsilk false)
      (outputformat 1)
      (mirror false)
      (drillshape 0)
      (scaleselection 1)
      (outputdirectory "SENSOR GERBER/"))
  )

  (net 0 "")
  (net 1 "Net-(C1-Pad1)")
  (net 2 GND)
  (net 3 "Net-(C2-Pad1)")
  (net 4 "Net-(C3-Pad1)")
  (net 5 +3V3)
  (net 6 NRST)
  (net 7 "Net-(C8-Pad1)")
  (net 8 "Net-(C12-Pad1)")
  (net 9 "Net-(C9-Pad1)")
  (net 10 +24V)
  (net 11 "Net-(C16-Pad1)")
  (net 12 +5V)
  (net 13 "Net-(D1-Pad2)")
  (net 14 "Net-(D2-Pad1)")
  (net 15 "Net-(D2-Pad2)")
  (net 16 RO)
  (net 17 DE)
  (net 18 DI)
  (net 19 A)
  (net 20 B)
  (net 21 "Net-(J1-Pad2)")
  (net 22 "Net-(J4-Pad3)")
  (net 23 "Net-(J4-Pad2)")
  (net 24 RX)
  (net 25 TX)
  (net 26 "Net-(J6-Pad2)")
  (net 27 "Net-(J6-Pad4)")
  (net 28 "Net-(J6-Pad6)")
  (net 29 "Net-(J6-Pad8)")
  (net 30 "Net-(J7-Pad2)")

  (net_class Default "This is the default net class."
    (clearance 0.2)
    (trace_width 0.25)
    (via_dia 0.8)
    (via_drill 0.4)
    (uvia_dia 0.3)
    (uvia_drill 0.1)
    (add_net +24V)
    (add_net +3V3)
    (add_net +5V)
    (add_net A)
    (add_net B)
    (add_net DE)
    (add_net DI)
    (add_net GND)
    (add_net NRST)
    (add_net "Net-(C1-Pad1)")
    (add_net "Net-(C12-Pad1)")
    (add_net "Net-(C16-Pad1)")
    (add_net "Net-(C2-Pad1)")
    (add_net "Net-(C3-Pad1)")
    (add_net "Net-(C8-Pad1)")
    (add_net "Net-(C9-Pad1)")
    (add_net "Net-(D1-Pad2)")
    (add_net "Net-(D2-Pad1)")
    (add_net "Net-(D2-Pad2)")
    (add_net "Net-(J1-Pad2)")
    (add_net "Net-(J4-Pad2)")
    (add_net "Net-(J4-Pad3)")
    (add_net "Net-(J6-Pad2)")
    (add_net "Net-(J6-Pad4)")
    (add_net "Net-(J6-Pad6)")
    (add_net "Net-(J6-Pad8)")
    (add_net "Net-(J7-Pad2)")
    (add_net RO)
    (add_net RX)
    (add_net TX)
  )

  (module Package_QFP:LQFP-48_7x7mm_P0.5mm (layer F.Cu) (tedit 5D9F72AF) (tstamp 62F2E6C6)
    (at 165.1 80.264)
    (descr "LQFP, 48 Pin (https://www.analog.com/media/en/technical-documentation/data-sheets/ltc2358-16.pdf), generated with kicad-footprint-generator ipc_gullwing_generator.py")
    (tags "LQFP QFP")
    (path /62FF7CAC)
    (attr smd)
    (fp_text reference U1 (at 1.778 -6.604) (layer F.SilkS)
      (effects (font (size 1 1) (thickness 0.15)))
    )
    (fp_text value STM32F103C6Tx (at 0 5.85) (layer F.Fab)
      (effects (font (size 1 1) (thickness 0.15)))
    )
    (fp_line (start 5.15 3.15) (end 5.15 0) (layer F.CrtYd) (width 0.05))
    (fp_line (start 3.75 3.15) (end 5.15 3.15) (layer F.CrtYd) (width 0.05))
    (fp_line (start 3.75 3.75) (end 3.75 3.15) (layer F.CrtYd) (width 0.05))
    (fp_line (start 3.15 3.75) (end 3.75 3.75) (layer F.CrtYd) (width 0.05))
    (fp_line (start 3.15 5.15) (end 3.15 3.75) (layer F.CrtYd) (width 0.05))
    (fp_line (start 0 5.15) (end 3.15 5.15) (layer F.CrtYd) (width 0.05))
    (fp_line (start -5.15 3.15) (end -5.15 0) (layer F.CrtYd) (width 0.05))
    (fp_line (start -3.75 3.15) (end -5.15 3.15) (layer F.CrtYd) (width 0.05))
    (fp_line (start -3.75 3.75) (end -3.75 3.15) (layer F.CrtYd) (width 0.05))
    (fp_line (start -3.15 3.75) (end -3.75 3.75) (layer F.CrtYd) (width 0.05))
    (fp_line (start -3.15 5.15) (end -3.15 3.75) (layer F.CrtYd) (width 0.05))
    (fp_line (start 0 5.15) (end -3.15 5.15) (layer F.CrtYd) (width 0.05))
    (fp_line (start 5.15 -3.15) (end 5.15 0) (layer F.CrtYd) (width 0.05))
    (fp_line (start 3.75 -3.15) (end 5.15 -3.15) (layer F.CrtYd) (width 0.05))
    (fp_line (start 3.75 -3.75) (end 3.75 -3.15) (layer F.CrtYd) (width 0.05))
    (fp_line (start 3.15 -3.75) (end 3.75 -3.75) (layer F.CrtYd) (width 0.05))
    (fp_line (start 3.15 -5.15) (end 3.15 -3.75) (layer F.CrtYd) (width 0.05))
    (fp_line (start 0 -5.15) (end 3.15 -5.15) (layer F.CrtYd) (width 0.05))
    (fp_line (start -5.15 -3.15) (end -5.15 0) (layer F.CrtYd) (width 0.05))
    (fp_line (start -3.75 -3.15) (end -5.15 -3.15) (layer F.CrtYd) (width 0.05))
    (fp_line (start -3.75 -3.75) (end -3.75 -3.15) (layer F.CrtYd) (width 0.05))
    (fp_line (start -3.15 -3.75) (end -3.75 -3.75) (layer F.CrtYd) (width 0.05))
    (fp_line (start -3.15 -5.15) (end -3.15 -3.75) (layer F.CrtYd) (width 0.05))
    (fp_line (start 0 -5.15) (end -3.15 -5.15) (layer F.CrtYd) (width 0.05))
    (fp_line (start -3.5 -2.5) (end -2.5 -3.5) (layer F.Fab) (width 0.1))
    (fp_line (start -3.5 3.5) (end -3.5 -2.5) (layer F.Fab) (width 0.1))
    (fp_line (start 3.5 3.5) (end -3.5 3.5) (layer F.Fab) (width 0.1))
    (fp_line (start 3.5 -3.5) (end 3.5 3.5) (layer F.Fab) (width 0.1))
    (fp_line (start -2.5 -3.5) (end 3.5 -3.5) (layer F.Fab) (width 0.1))
    (fp_line (start -3.61 -3.16) (end -4.9 -3.16) (layer F.SilkS) (width 0.12))
    (fp_line (start -3.61 -3.61) (end -3.61 -3.16) (layer F.SilkS) (width 0.12))
    (fp_line (start -3.16 -3.61) (end -3.61 -3.61) (layer F.SilkS) (width 0.12))
    (fp_line (start 3.61 -3.61) (end 3.61 -3.16) (layer F.SilkS) (width 0.12))
    (fp_line (start 3.16 -3.61) (end 3.61 -3.61) (layer F.SilkS) (width 0.12))
    (fp_line (start -3.61 3.61) (end -3.61 3.16) (layer F.SilkS) (width 0.12))
    (fp_line (start -3.16 3.61) (end -3.61 3.61) (layer F.SilkS) (width 0.12))
    (fp_line (start 3.61 3.61) (end 3.61 3.16) (layer F.SilkS) (width 0.12))
    (fp_line (start 3.16 3.61) (end 3.61 3.61) (layer F.SilkS) (width 0.12))
    (fp_text user %R (at 0 0) (layer F.Fab)
      (effects (font (size 1 1) (thickness 0.15)))
    )
    (pad 1 smd roundrect (at -4.1625 -2.75) (size 1.475 0.3) (layers F.Cu F.Paste F.Mask) (roundrect_rratio 0.25)
      (net 5 +3V3))
    (pad 2 smd roundrect (at -4.1625 -2.25) (size 1.475 0.3) (layers F.Cu F.Paste F.Mask) (roundrect_rratio 0.25))
    (pad 3 smd roundrect (at -4.1625 -1.75) (size 1.475 0.3) (layers F.Cu F.Paste F.Mask) (roundrect_rratio 0.25)
      (net 4 "Net-(C3-Pad1)"))
    (pad 4 smd roundrect (at -4.1625 -1.25) (size 1.475 0.3) (layers F.Cu F.Paste F.Mask) (roundrect_rratio 0.25)
      (net 7 "Net-(C8-Pad1)"))
    (pad 5 smd roundrect (at -4.1625 -0.75) (size 1.475 0.3) (layers F.Cu F.Paste F.Mask) (roundrect_rratio 0.25)
      (net 1 "Net-(C1-Pad1)"))
    (pad 6 smd roundrect (at -4.1625 -0.25) (size 1.475 0.3) (layers F.Cu F.Paste F.Mask) (roundrect_rratio 0.25)
      (net 3 "Net-(C2-Pad1)"))
    (pad 7 smd roundrect (at -4.1625 0.25) (size 1.475 0.3) (layers F.Cu F.Paste F.Mask) (roundrect_rratio 0.25)
      (net 6 NRST))
    (pad 8 smd roundrect (at -4.1625 0.75) (size 1.475 0.3) (layers F.Cu F.Paste F.Mask) (roundrect_rratio 0.25)
      (net 2 GND))
    (pad 9 smd roundrect (at -4.1625 1.25) (size 1.475 0.3) (layers F.Cu F.Paste F.Mask) (roundrect_rratio 0.25)
      (net 5 +3V3))
    (pad 10 smd roundrect (at -4.1625 1.75) (size 1.475 0.3) (layers F.Cu F.Paste F.Mask) (roundrect_rratio 0.25))
    (pad 11 smd roundrect (at -4.1625 2.25) (size 1.475 0.3) (layers F.Cu F.Paste F.Mask) (roundrect_rratio 0.25))
    (pad 12 smd roundrect (at -4.1625 2.75) (size 1.475 0.3) (layers F.Cu F.Paste F.Mask) (roundrect_rratio 0.25)
      (net 18 DI))
    (pad 13 smd roundrect (at -2.75 4.1625) (size 0.3 1.475) (layers F.Cu F.Paste F.Mask) (roundrect_rratio 0.25)
      (net 16 RO))
    (pad 14 smd roundrect (at -2.25 4.1625) (size 0.3 1.475) (layers F.Cu F.Paste F.Mask) (roundrect_rratio 0.25)
      (net 17 DE))
    (pad 15 smd roundrect (at -1.75 4.1625) (size 0.3 1.475) (layers F.Cu F.Paste F.Mask) (roundrect_rratio 0.25))
    (pad 16 smd roundrect (at -1.25 4.1625) (size 0.3 1.475) (layers F.Cu F.Paste F.Mask) (roundrect_rratio 0.25))
    (pad 17 smd roundrect (at -0.75 4.1625) (size 0.3 1.475) (layers F.Cu F.Paste F.Mask) (roundrect_rratio 0.25))
    (pad 18 smd roundrect (at -0.25 4.1625) (size 0.3 1.475) (layers F.Cu F.Paste F.Mask) (roundrect_rratio 0.25))
    (pad 19 smd roundrect (at 0.25 4.1625) (size 0.3 1.475) (layers F.Cu F.Paste F.Mask) (roundrect_rratio 0.25))
    (pad 20 smd roundrect (at 0.75 4.1625) (size 0.3 1.475) (layers F.Cu F.Paste F.Mask) (roundrect_rratio 0.25)
      (net 30 "Net-(J7-Pad2)"))
    (pad 21 smd roundrect (at 1.25 4.1625) (size 0.3 1.475) (layers F.Cu F.Paste F.Mask) (roundrect_rratio 0.25))
    (pad 22 smd roundrect (at 1.75 4.1625) (size 0.3 1.475) (layers F.Cu F.Paste F.Mask) (roundrect_rratio 0.25))
    (pad 23 smd roundrect (at 2.25 4.1625) (size 0.3 1.475) (layers F.Cu F.Paste F.Mask) (roundrect_rratio 0.25)
      (net 2 GND))
    (pad 24 smd roundrect (at 2.75 4.1625) (size 0.3 1.475) (layers F.Cu F.Paste F.Mask) (roundrect_rratio 0.25)
      (net 5 +3V3))
    (pad 25 smd roundrect (at 4.1625 2.75) (size 1.475 0.3) (layers F.Cu F.Paste F.Mask) (roundrect_rratio 0.25)
      (net 26 "Net-(J6-Pad2)"))
    (pad 26 smd roundrect (at 4.1625 2.25) (size 1.475 0.3) (layers F.Cu F.Paste F.Mask) (roundrect_rratio 0.25)
      (net 27 "Net-(J6-Pad4)"))
    (pad 27 smd roundrect (at 4.1625 1.75) (size 1.475 0.3) (layers F.Cu F.Paste F.Mask) (roundrect_rratio 0.25)
      (net 28 "Net-(J6-Pad6)"))
    (pad 28 smd roundrect (at 4.1625 1.25) (size 1.475 0.3) (layers F.Cu F.Paste F.Mask) (roundrect_rratio 0.25)
      (net 29 "Net-(J6-Pad8)"))
    (pad 29 smd roundrect (at 4.1625 0.75) (size 1.475 0.3) (layers F.Cu F.Paste F.Mask) (roundrect_rratio 0.25))
    (pad 30 smd roundrect (at 4.1625 0.25) (size 1.475 0.3) (layers F.Cu F.Paste F.Mask) (roundrect_rratio 0.25)
      (net 24 RX))
    (pad 31 smd roundrect (at 4.1625 -0.25) (size 1.475 0.3) (layers F.Cu F.Paste F.Mask) (roundrect_rratio 0.25)
      (net 25 TX))
    (pad 32 smd roundrect (at 4.1625 -0.75) (size 1.475 0.3) (layers F.Cu F.Paste F.Mask) (roundrect_rratio 0.25)
      (net 14 "Net-(D2-Pad1)"))
    (pad 33 smd roundrect (at 4.1625 -1.25) (size 1.475 0.3) (layers F.Cu F.Paste F.Mask) (roundrect_rratio 0.25))
    (pad 34 smd roundrect (at 4.1625 -1.75) (size 1.475 0.3) (layers F.Cu F.Paste F.Mask) (roundrect_rratio 0.25)
      (net 23 "Net-(J4-Pad2)"))
    (pad 35 smd roundrect (at 4.1625 -2.25) (size 1.475 0.3) (layers F.Cu F.Paste F.Mask) (roundrect_rratio 0.25)
      (net 2 GND))
    (pad 36 smd roundrect (at 4.1625 -2.75) (size 1.475 0.3) (layers F.Cu F.Paste F.Mask) (roundrect_rratio 0.25)
      (net 5 +3V3))
    (pad 37 smd roundrect (at 2.75 -4.1625) (size 0.3 1.475) (layers F.Cu F.Paste F.Mask) (roundrect_rratio 0.25)
      (net 22 "Net-(J4-Pad3)"))
    (pad 38 smd roundrect (at 2.25 -4.1625) (size 0.3 1.475) (layers F.Cu F.Paste F.Mask) (roundrect_rratio 0.25))
    (pad 39 smd roundrect (at 1.75 -4.1625) (size 0.3 1.475) (layers F.Cu F.Paste F.Mask) (roundrect_rratio 0.25))
    (pad 40 smd roundrect (at 1.25 -4.1625) (size 0.3 1.475) (layers F.Cu F.Paste F.Mask) (roundrect_rratio 0.25))
    (pad 41 smd roundrect (at 0.75 -4.1625) (size 0.3 1.475) (layers F.Cu F.Paste F.Mask) (roundrect_rratio 0.25))
    (pad 42 smd roundrect (at 0.25 -4.1625) (size 0.3 1.475) (layers F.Cu F.Paste F.Mask) (roundrect_rratio 0.25))
    (pad 43 smd roundrect (at -0.25 -4.1625) (size 0.3 1.475) (layers F.Cu F.Paste F.Mask) (roundrect_rratio 0.25))
    (pad 44 smd roundrect (at -0.75 -4.1625) (size 0.3 1.475) (layers F.Cu F.Paste F.Mask) (roundrect_rratio 0.25)
      (net 21 "Net-(J1-Pad2)"))
    (pad 45 smd roundrect (at -1.25 -4.1625) (size 0.3 1.475) (layers F.Cu F.Paste F.Mask) (roundrect_rratio 0.25))
    (pad 46 smd roundrect (at -1.75 -4.1625) (size 0.3 1.475) (layers F.Cu F.Paste F.Mask) (roundrect_rratio 0.25))
    (pad 47 smd roundrect (at -2.25 -4.1625) (size 0.3 1.475) (layers F.Cu F.Paste F.Mask) (roundrect_rratio 0.25)
      (net 2 GND))
    (pad 48 smd roundrect (at -2.75 -4.1625) (size 0.3 1.475) (layers F.Cu F.Paste F.Mask) (roundrect_rratio 0.25)
      (net 5 +3V3))
    (model ${KISYS3DMOD}/Package_QFP.3dshapes/LQFP-48_7x7mm_P0.5mm.wrl
      (at (xyz 0 0 0))
      (scale (xyz 1 1 1))
      (rotate (xyz 0 0 0))
    )
  )

  (module Capacitor_SMD:C_0805_2012Metric (layer F.Cu) (tedit 5F68FEEE) (tstamp 62F2E043)
    (at 154.813 77.851 270)
    (descr "Capacitor SMD 0805 (2012 Metric), square (rectangular) end terminal, IPC_7351 nominal, (Body size source: IPC-SM-782 page 76, https://www.pcb-3d.com/wordpress/wp-content/uploads/ipc-sm-782a_amendment_1_and_2.pdf, https://docs.google.com/spreadsheets/d/1BsfQQcO9C6DZCsRaXUlFlo91Tg2WpOkGARC1WS5S8t0/edit?usp=sharing), generated with kicad-footprint-generator")
    (tags capacitor)
    (path /63012F84)
    (attr smd)
    (fp_text reference C1 (at 0 -1.68 90) (layer F.SilkS)
      (effects (font (size 1 1) (thickness 0.15)))
    )
    (fp_text value 22pF (at 0 1.68 90) (layer F.Fab)
      (effects (font (size 1 1) (thickness 0.15)))
    )
    (fp_line (start 1.7 0.98) (end -1.7 0.98) (layer F.CrtYd) (width 0.05))
    (fp_line (start 1.7 -0.98) (end 1.7 0.98) (layer F.CrtYd) (width 0.05))
    (fp_line (start -1.7 -0.98) (end 1.7 -0.98) (layer F.CrtYd) (width 0.05))
    (fp_line (start -1.7 0.98) (end -1.7 -0.98) (layer F.CrtYd) (width 0.05))
    (fp_line (start -0.261252 0.735) (end 0.261252 0.735) (layer F.SilkS) (width 0.12))
    (fp_line (start -0.261252 -0.735) (end 0.261252 -0.735) (layer F.SilkS) (width 0.12))
    (fp_line (start 1 0.625) (end -1 0.625) (layer F.Fab) (width 0.1))
    (fp_line (start 1 -0.625) (end 1 0.625) (layer F.Fab) (width 0.1))
    (fp_line (start -1 -0.625) (end 1 -0.625) (layer F.Fab) (width 0.1))
    (fp_line (start -1 0.625) (end -1 -0.625) (layer F.Fab) (width 0.1))
    (fp_text user %R (at 0 0 90) (layer F.Fab)
      (effects (font (size 0.5 0.5) (thickness 0.08)))
    )
    (pad 1 smd roundrect (at -0.95 0 270) (size 1 1.45) (layers F.Cu F.Paste F.Mask) (roundrect_rratio 0.25)
      (net 1 "Net-(C1-Pad1)"))
    (pad 2 smd roundrect (at 0.95 0 270) (size 1 1.45) (layers F.Cu F.Paste F.Mask) (roundrect_rratio 0.25)
      (net 2 GND))
    (model ${KISYS3DMOD}/Capacitor_SMD.3dshapes/C_0805_2012Metric.wrl
      (at (xyz 0 0 0))
      (scale (xyz 1 1 1))
      (rotate (xyz 0 0 0))
    )
  )

  (module Capacitor_SMD:C_0805_2012Metric (layer F.Cu) (tedit 5F68FEEE) (tstamp 62F2E054)
    (at 154.813 81.407 90)
    (descr "Capacitor SMD 0805 (2012 Metric), square (rectangular) end terminal, IPC_7351 nominal, (Body size source: IPC-SM-782 page 76, https://www.pcb-3d.com/wordpress/wp-content/uploads/ipc-sm-782a_amendment_1_and_2.pdf, https://docs.google.com/spreadsheets/d/1BsfQQcO9C6DZCsRaXUlFlo91Tg2WpOkGARC1WS5S8t0/edit?usp=sharing), generated with kicad-footprint-generator")
    (tags capacitor)
    (path /63013DC0)
    (attr smd)
    (fp_text reference C2 (at 0.127 1.651 90) (layer F.SilkS)
      (effects (font (size 1 1) (thickness 0.15)))
    )
    (fp_text value 22pF (at 0 1.68 90) (layer F.Fab)
      (effects (font (size 1 1) (thickness 0.15)))
    )
    (fp_line (start -1 0.625) (end -1 -0.625) (layer F.Fab) (width 0.1))
    (fp_line (start -1 -0.625) (end 1 -0.625) (layer F.Fab) (width 0.1))
    (fp_line (start 1 -0.625) (end 1 0.625) (layer F.Fab) (width 0.1))
    (fp_line (start 1 0.625) (end -1 0.625) (layer F.Fab) (width 0.1))
    (fp_line (start -0.261252 -0.735) (end 0.261252 -0.735) (layer F.SilkS) (width 0.12))
    (fp_line (start -0.261252 0.735) (end 0.261252 0.735) (layer F.SilkS) (width 0.12))
    (fp_line (start -1.7 0.98) (end -1.7 -0.98) (layer F.CrtYd) (width 0.05))
    (fp_line (start -1.7 -0.98) (end 1.7 -0.98) (layer F.CrtYd) (width 0.05))
    (fp_line (start 1.7 -0.98) (end 1.7 0.98) (layer F.CrtYd) (width 0.05))
    (fp_line (start 1.7 0.98) (end -1.7 0.98) (layer F.CrtYd) (width 0.05))
    (fp_text user %R (at 0 0 90) (layer F.Fab)
      (effects (font (size 0.5 0.5) (thickness 0.08)))
    )
    (pad 2 smd roundrect (at 0.95 0 90) (size 1 1.45) (layers F.Cu F.Paste F.Mask) (roundrect_rratio 0.25)
      (net 2 GND))
    (pad 1 smd roundrect (at -0.95 0 90) (size 1 1.45) (layers F.Cu F.Paste F.Mask) (roundrect_rratio 0.25)
      (net 3 "Net-(C2-Pad1)"))
    (model ${KISYS3DMOD}/Capacitor_SMD.3dshapes/C_0805_2012Metric.wrl
      (at (xyz 0 0 0))
      (scale (xyz 1 1 1))
      (rotate (xyz 0 0 0))
    )
  )

  (module Capacitor_SMD:C_0805_2012Metric (layer F.Cu) (tedit 5F68FEEE) (tstamp 62F2E065)
    (at 157.0965 72.39)
    (descr "Capacitor SMD 0805 (2012 Metric), square (rectangular) end terminal, IPC_7351 nominal, (Body size source: IPC-SM-782 page 76, https://www.pcb-3d.com/wordpress/wp-content/uploads/ipc-sm-782a_amendment_1_and_2.pdf, https://docs.google.com/spreadsheets/d/1BsfQQcO9C6DZCsRaXUlFlo91Tg2WpOkGARC1WS5S8t0/edit?usp=sharing), generated with kicad-footprint-generator")
    (tags capacitor)
    (path /63031F02)
    (attr smd)
    (fp_text reference C3 (at 0 3.048) (layer F.SilkS)
      (effects (font (size 1 1) (thickness 0.15)))
    )
    (fp_text value 22pF (at 0 1.68) (layer F.Fab)
      (effects (font (size 1 1) (thickness 0.15)))
    )
    (fp_line (start 1.7 0.98) (end -1.7 0.98) (layer F.CrtYd) (width 0.05))
    (fp_line (start 1.7 -0.98) (end 1.7 0.98) (layer F.CrtYd) (width 0.05))
    (fp_line (start -1.7 -0.98) (end 1.7 -0.98) (layer F.CrtYd) (width 0.05))
    (fp_line (start -1.7 0.98) (end -1.7 -0.98) (layer F.CrtYd) (width 0.05))
    (fp_line (start -0.261252 0.735) (end 0.261252 0.735) (layer F.SilkS) (width 0.12))
    (fp_line (start -0.261252 -0.735) (end 0.261252 -0.735) (layer F.SilkS) (width 0.12))
    (fp_line (start 1 0.625) (end -1 0.625) (layer F.Fab) (width 0.1))
    (fp_line (start 1 -0.625) (end 1 0.625) (layer F.Fab) (width 0.1))
    (fp_line (start -1 -0.625) (end 1 -0.625) (layer F.Fab) (width 0.1))
    (fp_line (start -1 0.625) (end -1 -0.625) (layer F.Fab) (width 0.1))
    (fp_text user %R (at 0 0) (layer F.Fab)
      (effects (font (size 0.5 0.5) (thickness 0.08)))
    )
    (pad 1 smd roundrect (at -0.95 0) (size 1 1.45) (layers F.Cu F.Paste F.Mask) (roundrect_rratio 0.25)
      (net 4 "Net-(C3-Pad1)"))
    (pad 2 smd roundrect (at 0.95 0) (size 1 1.45) (layers F.Cu F.Paste F.Mask) (roundrect_rratio 0.25)
      (net 2 GND))
    (model ${KISYS3DMOD}/Capacitor_SMD.3dshapes/C_0805_2012Metric.wrl
      (at (xyz 0 0 0))
      (scale (xyz 1 1 1))
      (rotate (xyz 0 0 0))
    )
  )

  (module Capacitor_SMD:C_0805_2012Metric (layer F.Cu) (tedit 5F68FEEE) (tstamp 62F2E076)
    (at 161.356 73.914 180)
    (descr "Capacitor SMD 0805 (2012 Metric), square (rectangular) end terminal, IPC_7351 nominal, (Body size source: IPC-SM-782 page 76, https://www.pcb-3d.com/wordpress/wp-content/uploads/ipc-sm-782a_amendment_1_and_2.pdf, https://docs.google.com/spreadsheets/d/1BsfQQcO9C6DZCsRaXUlFlo91Tg2WpOkGARC1WS5S8t0/edit?usp=sharing), generated with kicad-footprint-generator")
    (tags capacitor)
    (path /631ECE78)
    (attr smd)
    (fp_text reference C4 (at 2.098 -1.778) (layer F.SilkS)
      (effects (font (size 1 1) (thickness 0.15)))
    )
    (fp_text value 100nF (at 0 1.68) (layer F.Fab)
      (effects (font (size 1 1) (thickness 0.15)))
    )
    (fp_line (start 1.7 0.98) (end -1.7 0.98) (layer F.CrtYd) (width 0.05))
    (fp_line (start 1.7 -0.98) (end 1.7 0.98) (layer F.CrtYd) (width 0.05))
    (fp_line (start -1.7 -0.98) (end 1.7 -0.98) (layer F.CrtYd) (width 0.05))
    (fp_line (start -1.7 0.98) (end -1.7 -0.98) (layer F.CrtYd) (width 0.05))
    (fp_line (start -0.261252 0.735) (end 0.261252 0.735) (layer F.SilkS) (width 0.12))
    (fp_line (start -0.261252 -0.735) (end 0.261252 -0.735) (layer F.SilkS) (width 0.12))
    (fp_line (start 1 0.625) (end -1 0.625) (layer F.Fab) (width 0.1))
    (fp_line (start 1 -0.625) (end 1 0.625) (layer F.Fab) (width 0.1))
    (fp_line (start -1 -0.625) (end 1 -0.625) (layer F.Fab) (width 0.1))
    (fp_line (start -1 0.625) (end -1 -0.625) (layer F.Fab) (width 0.1))
    (fp_text user %R (at 0 0) (layer F.Fab)
      (effects (font (size 0.5 0.5) (thickness 0.08)))
    )
    (pad 1 smd roundrect (at -0.95 0 180) (size 1 1.45) (layers F.Cu F.Paste F.Mask) (roundrect_rratio 0.25)
      (net 5 +3V3))
    (pad 2 smd roundrect (at 0.95 0 180) (size 1 1.45) (layers F.Cu F.Paste F.Mask) (roundrect_rratio 0.25)
      (net 2 GND))
    (model ${KISYS3DMOD}/Capacitor_SMD.3dshapes/C_0805_2012Metric.wrl
      (at (xyz 0 0 0))
      (scale (xyz 1 1 1))
      (rotate (xyz 0 0 0))
    )
  )

  (module Capacitor_SMD:C_0805_2012Metric (layer F.Cu) (tedit 5F68FEEE) (tstamp 62F2E087)
    (at 166.8755 87.249 180)
    (descr "Capacitor SMD 0805 (2012 Metric), square (rectangular) end terminal, IPC_7351 nominal, (Body size source: IPC-SM-782 page 76, https://www.pcb-3d.com/wordpress/wp-content/uploads/ipc-sm-782a_amendment_1_and_2.pdf, https://docs.google.com/spreadsheets/d/1BsfQQcO9C6DZCsRaXUlFlo91Tg2WpOkGARC1WS5S8t0/edit?usp=sharing), generated with kicad-footprint-generator")
    (tags capacitor)
    (path /631ED6F2)
    (attr smd)
    (fp_text reference C5 (at 0 -1.68) (layer F.SilkS)
      (effects (font (size 1 1) (thickness 0.15)))
    )
    (fp_text value 100nF (at 0 1.68) (layer F.Fab)
      (effects (font (size 1 1) (thickness 0.15)))
    )
    (fp_line (start -1 0.625) (end -1 -0.625) (layer F.Fab) (width 0.1))
    (fp_line (start -1 -0.625) (end 1 -0.625) (layer F.Fab) (width 0.1))
    (fp_line (start 1 -0.625) (end 1 0.625) (layer F.Fab) (width 0.1))
    (fp_line (start 1 0.625) (end -1 0.625) (layer F.Fab) (width 0.1))
    (fp_line (start -0.261252 -0.735) (end 0.261252 -0.735) (layer F.SilkS) (width 0.12))
    (fp_line (start -0.261252 0.735) (end 0.261252 0.735) (layer F.SilkS) (width 0.12))
    (fp_line (start -1.7 0.98) (end -1.7 -0.98) (layer F.CrtYd) (width 0.05))
    (fp_line (start -1.7 -0.98) (end 1.7 -0.98) (layer F.CrtYd) (width 0.05))
    (fp_line (start 1.7 -0.98) (end 1.7 0.98) (layer F.CrtYd) (width 0.05))
    (fp_line (start 1.7 0.98) (end -1.7 0.98) (layer F.CrtYd) (width 0.05))
    (fp_text user %R (at 0 0) (layer F.Fab)
      (effects (font (size 0.5 0.5) (thickness 0.08)))
    )
    (pad 2 smd roundrect (at 0.95 0 180) (size 1 1.45) (layers F.Cu F.Paste F.Mask) (roundrect_rratio 0.25)
      (net 2 GND))
    (pad 1 smd roundrect (at -0.95 0 180) (size 1 1.45) (layers F.Cu F.Paste F.Mask) (roundrect_rratio 0.25)
      (net 5 +3V3))
    (model ${KISYS3DMOD}/Capacitor_SMD.3dshapes/C_0805_2012Metric.wrl
      (at (xyz 0 0 0))
      (scale (xyz 1 1 1))
      (rotate (xyz 0 0 0))
    )
  )

  (module Capacitor_SMD:C_0805_2012Metric (layer F.Cu) (tedit 5F68FEEE) (tstamp 62F39941)
    (at 172.974 76.962 270)
    (descr "Capacitor SMD 0805 (2012 Metric), square (rectangular) end terminal, IPC_7351 nominal, (Body size source: IPC-SM-782 page 76, https://www.pcb-3d.com/wordpress/wp-content/uploads/ipc-sm-782a_amendment_1_and_2.pdf, https://docs.google.com/spreadsheets/d/1BsfQQcO9C6DZCsRaXUlFlo91Tg2WpOkGARC1WS5S8t0/edit?usp=sharing), generated with kicad-footprint-generator")
    (tags capacitor)
    (path /631EDC20)
    (attr smd)
    (fp_text reference C6 (at 2.4765 0.0635 180) (layer F.SilkS)
      (effects (font (size 1 1) (thickness 0.15)))
    )
    (fp_text value 100nF (at 0 1.68 90) (layer F.Fab)
      (effects (font (size 1 1) (thickness 0.15)))
    )
    (fp_line (start 1.7 0.98) (end -1.7 0.98) (layer F.CrtYd) (width 0.05))
    (fp_line (start 1.7 -0.98) (end 1.7 0.98) (layer F.CrtYd) (width 0.05))
    (fp_line (start -1.7 -0.98) (end 1.7 -0.98) (layer F.CrtYd) (width 0.05))
    (fp_line (start -1.7 0.98) (end -1.7 -0.98) (layer F.CrtYd) (width 0.05))
    (fp_line (start -0.261252 0.735) (end 0.261252 0.735) (layer F.SilkS) (width 0.12))
    (fp_line (start -0.261252 -0.735) (end 0.261252 -0.735) (layer F.SilkS) (width 0.12))
    (fp_line (start 1 0.625) (end -1 0.625) (layer F.Fab) (width 0.1))
    (fp_line (start 1 -0.625) (end 1 0.625) (layer F.Fab) (width 0.1))
    (fp_line (start -1 -0.625) (end 1 -0.625) (layer F.Fab) (width 0.1))
    (fp_line (start -1 0.625) (end -1 -0.625) (layer F.Fab) (width 0.1))
    (fp_text user %R (at 0 0 90) (layer F.Fab)
      (effects (font (size 0.5 0.5) (thickness 0.08)))
    )
    (pad 1 smd roundrect (at -0.95 0 270) (size 1 1.45) (layers F.Cu F.Paste F.Mask) (roundrect_rratio 0.25)
      (net 5 +3V3))
    (pad 2 smd roundrect (at 0.95 0 270) (size 1 1.45) (layers F.Cu F.Paste F.Mask) (roundrect_rratio 0.25)
      (net 2 GND))
    (model ${KISYS3DMOD}/Capacitor_SMD.3dshapes/C_0805_2012Metric.wrl
      (at (xyz 0 0 0))
      (scale (xyz 1 1 1))
      (rotate (xyz 0 0 0))
    )
  )

  (module Capacitor_SMD:C_0805_2012Metric (layer F.Cu) (tedit 5F68FEEE) (tstamp 62F2E0A9)
    (at 183.703 72.136)
    (descr "Capacitor SMD 0805 (2012 Metric), square (rectangular) end terminal, IPC_7351 nominal, (Body size source: IPC-SM-782 page 76, https://www.pcb-3d.com/wordpress/wp-content/uploads/ipc-sm-782a_amendment_1_and_2.pdf, https://docs.google.com/spreadsheets/d/1BsfQQcO9C6DZCsRaXUlFlo91Tg2WpOkGARC1WS5S8t0/edit?usp=sharing), generated with kicad-footprint-generator")
    (tags capacitor)
    (path /631482A6)
    (attr smd)
    (fp_text reference C7 (at 0.193 -2.032) (layer F.SilkS)
      (effects (font (size 1 1) (thickness 0.15)))
    )
    (fp_text value 100nF (at 0 1.68) (layer F.Fab)
      (effects (font (size 1 1) (thickness 0.15)))
    )
    (fp_line (start -1 0.625) (end -1 -0.625) (layer F.Fab) (width 0.1))
    (fp_line (start -1 -0.625) (end 1 -0.625) (layer F.Fab) (width 0.1))
    (fp_line (start 1 -0.625) (end 1 0.625) (layer F.Fab) (width 0.1))
    (fp_line (start 1 0.625) (end -1 0.625) (layer F.Fab) (width 0.1))
    (fp_line (start -0.261252 -0.735) (end 0.261252 -0.735) (layer F.SilkS) (width 0.12))
    (fp_line (start -0.261252 0.735) (end 0.261252 0.735) (layer F.SilkS) (width 0.12))
    (fp_line (start -1.7 0.98) (end -1.7 -0.98) (layer F.CrtYd) (width 0.05))
    (fp_line (start -1.7 -0.98) (end 1.7 -0.98) (layer F.CrtYd) (width 0.05))
    (fp_line (start 1.7 -0.98) (end 1.7 0.98) (layer F.CrtYd) (width 0.05))
    (fp_line (start 1.7 0.98) (end -1.7 0.98) (layer F.CrtYd) (width 0.05))
    (fp_text user %R (at 0 0) (layer F.Fab)
      (effects (font (size 0.5 0.5) (thickness 0.08)))
    )
    (pad 2 smd roundrect (at 0.95 0) (size 1 1.45) (layers F.Cu F.Paste F.Mask) (roundrect_rratio 0.25)
      (net 2 GND))
    (pad 1 smd roundrect (at -0.95 0) (size 1 1.45) (layers F.Cu F.Paste F.Mask) (roundrect_rratio 0.25)
      (net 6 NRST))
    (model ${KISYS3DMOD}/Capacitor_SMD.3dshapes/C_0805_2012Metric.wrl
      (at (xyz 0 0 0))
      (scale (xyz 1 1 1))
      (rotate (xyz 0 0 0))
    )
  )

  (module Capacitor_SMD:C_0805_2012Metric (layer F.Cu) (tedit 5F68FEEE) (tstamp 62F2E0BA)
    (at 157.099 70.2945)
    (descr "Capacitor SMD 0805 (2012 Metric), square (rectangular) end terminal, IPC_7351 nominal, (Body size source: IPC-SM-782 page 76, https://www.pcb-3d.com/wordpress/wp-content/uploads/ipc-sm-782a_amendment_1_and_2.pdf, https://docs.google.com/spreadsheets/d/1BsfQQcO9C6DZCsRaXUlFlo91Tg2WpOkGARC1WS5S8t0/edit?usp=sharing), generated with kicad-footprint-generator")
    (tags capacitor)
    (path /6303AA42)
    (attr smd)
    (fp_text reference C8 (at 0.127 3.8735) (layer F.SilkS)
      (effects (font (size 1 1) (thickness 0.15)))
    )
    (fp_text value 22pF (at 0 1.68) (layer F.Fab)
      (effects (font (size 1 1) (thickness 0.15)))
    )
    (fp_line (start -1 0.625) (end -1 -0.625) (layer F.Fab) (width 0.1))
    (fp_line (start -1 -0.625) (end 1 -0.625) (layer F.Fab) (width 0.1))
    (fp_line (start 1 -0.625) (end 1 0.625) (layer F.Fab) (width 0.1))
    (fp_line (start 1 0.625) (end -1 0.625) (layer F.Fab) (width 0.1))
    (fp_line (start -0.261252 -0.735) (end 0.261252 -0.735) (layer F.SilkS) (width 0.12))
    (fp_line (start -0.261252 0.735) (end 0.261252 0.735) (layer F.SilkS) (width 0.12))
    (fp_line (start -1.7 0.98) (end -1.7 -0.98) (layer F.CrtYd) (width 0.05))
    (fp_line (start -1.7 -0.98) (end 1.7 -0.98) (layer F.CrtYd) (width 0.05))
    (fp_line (start 1.7 -0.98) (end 1.7 0.98) (layer F.CrtYd) (width 0.05))
    (fp_line (start 1.7 0.98) (end -1.7 0.98) (layer F.CrtYd) (width 0.05))
    (fp_text user %R (at 0 0) (layer F.Fab)
      (effects (font (size 0.5 0.5) (thickness 0.08)))
    )
    (pad 2 smd roundrect (at 0.95 0) (size 1 1.45) (layers F.Cu F.Paste F.Mask) (roundrect_rratio 0.25)
      (net 2 GND))
    (pad 1 smd roundrect (at -0.95 0) (size 1 1.45) (layers F.Cu F.Paste F.Mask) (roundrect_rratio 0.25)
      (net 7 "Net-(C8-Pad1)"))
    (model ${KISYS3DMOD}/Capacitor_SMD.3dshapes/C_0805_2012Metric.wrl
      (at (xyz 0 0 0))
      (scale (xyz 1 1 1))
      (rotate (xyz 0 0 0))
    )
  )

  (module Capacitor_SMD:C_0805_2012Metric (layer F.Cu) (tedit 5F68FEEE) (tstamp 62F2E0CB)
    (at 168.59 112.395)
    (descr "Capacitor SMD 0805 (2012 Metric), square (rectangular) end terminal, IPC_7351 nominal, (Body size source: IPC-SM-782 page 76, https://www.pcb-3d.com/wordpress/wp-content/uploads/ipc-sm-782a_amendment_1_and_2.pdf, https://docs.google.com/spreadsheets/d/1BsfQQcO9C6DZCsRaXUlFlo91Tg2WpOkGARC1WS5S8t0/edit?usp=sharing), generated with kicad-footprint-generator")
    (tags capacitor)
    (path /62F5D405)
    (attr smd)
    (fp_text reference C9 (at 2.86 0.127) (layer F.SilkS)
      (effects (font (size 1 1) (thickness 0.15)))
    )
    (fp_text value 100nF (at 0 1.68) (layer F.Fab)
      (effects (font (size 1 1) (thickness 0.15)))
    )
    (fp_line (start -1 0.625) (end -1 -0.625) (layer F.Fab) (width 0.1))
    (fp_line (start -1 -0.625) (end 1 -0.625) (layer F.Fab) (width 0.1))
    (fp_line (start 1 -0.625) (end 1 0.625) (layer F.Fab) (width 0.1))
    (fp_line (start 1 0.625) (end -1 0.625) (layer F.Fab) (width 0.1))
    (fp_line (start -0.261252 -0.735) (end 0.261252 -0.735) (layer F.SilkS) (width 0.12))
    (fp_line (start -0.261252 0.735) (end 0.261252 0.735) (layer F.SilkS) (width 0.12))
    (fp_line (start -1.7 0.98) (end -1.7 -0.98) (layer F.CrtYd) (width 0.05))
    (fp_line (start -1.7 -0.98) (end 1.7 -0.98) (layer F.CrtYd) (width 0.05))
    (fp_line (start 1.7 -0.98) (end 1.7 0.98) (layer F.CrtYd) (width 0.05))
    (fp_line (start 1.7 0.98) (end -1.7 0.98) (layer F.CrtYd) (width 0.05))
    (fp_text user %R (at 0 0) (layer F.Fab)
      (effects (font (size 0.5 0.5) (thickness 0.08)))
    )
    (pad 2 smd roundrect (at 0.95 0) (size 1 1.45) (layers F.Cu F.Paste F.Mask) (roundrect_rratio 0.25)
      (net 8 "Net-(C12-Pad1)"))
    (pad 1 smd roundrect (at -0.95 0) (size 1 1.45) (layers F.Cu F.Paste F.Mask) (roundrect_rratio 0.25)
      (net 9 "Net-(C9-Pad1)"))
    (model ${KISYS3DMOD}/Capacitor_SMD.3dshapes/C_0805_2012Metric.wrl
      (at (xyz 0 0 0))
      (scale (xyz 1 1 1))
      (rotate (xyz 0 0 0))
    )
  )

  (module Capacitor_THT:CP_Radial_D8.0mm_P3.80mm (layer F.Cu) (tedit 5AE50EF0) (tstamp 62F2FF46)
    (at 142.7988 119.38 270)
    (descr "CP, Radial series, Radial, pin pitch=3.80mm, , diameter=8mm, Electrolytic Capacitor")
    (tags "CP Radial series Radial pin pitch 3.80mm  diameter 8mm Electrolytic Capacitor")
    (path /62F36E3A)
    (fp_text reference C10 (at -3.312 0 180) (layer F.SilkS)
      (effects (font (size 1 1) (thickness 0.15)))
    )
    (fp_text value 220uF/50V (at 1.9 5.25 90) (layer F.Fab)
      (effects (font (size 1 1) (thickness 0.15)))
    )
    (fp_circle (center 1.9 0) (end 5.9 0) (layer F.Fab) (width 0.1))
    (fp_circle (center 1.9 0) (end 6.02 0) (layer F.SilkS) (width 0.12))
    (fp_circle (center 1.9 0) (end 6.15 0) (layer F.CrtYd) (width 0.05))
    (fp_line (start -1.526759 -1.7475) (end -0.726759 -1.7475) (layer F.Fab) (width 0.1))
    (fp_line (start -1.126759 -2.1475) (end -1.126759 -1.3475) (layer F.Fab) (width 0.1))
    (fp_line (start 1.9 -4.08) (end 1.9 4.08) (layer F.SilkS) (width 0.12))
    (fp_line (start 1.94 -4.08) (end 1.94 4.08) (layer F.SilkS) (width 0.12))
    (fp_line (start 1.98 -4.08) (end 1.98 4.08) (layer F.SilkS) (width 0.12))
    (fp_line (start 2.02 -4.079) (end 2.02 4.079) (layer F.SilkS) (width 0.12))
    (fp_line (start 2.06 -4.077) (end 2.06 4.077) (layer F.SilkS) (width 0.12))
    (fp_line (start 2.1 -4.076) (end 2.1 4.076) (layer F.SilkS) (width 0.12))
    (fp_line (start 2.14 -4.074) (end 2.14 4.074) (layer F.SilkS) (width 0.12))
    (fp_line (start 2.18 -4.071) (end 2.18 4.071) (layer F.SilkS) (width 0.12))
    (fp_line (start 2.22 -4.068) (end 2.22 4.068) (layer F.SilkS) (width 0.12))
    (fp_line (start 2.26 -4.065) (end 2.26 4.065) (layer F.SilkS) (width 0.12))
    (fp_line (start 2.3 -4.061) (end 2.3 4.061) (layer F.SilkS) (width 0.12))
    (fp_line (start 2.34 -4.057) (end 2.34 4.057) (layer F.SilkS) (width 0.12))
    (fp_line (start 2.38 -4.052) (end 2.38 4.052) (layer F.SilkS) (width 0.12))
    (fp_line (start 2.42 -4.048) (end 2.42 4.048) (layer F.SilkS) (width 0.12))
    (fp_line (start 2.46 -4.042) (end 2.46 4.042) (layer F.SilkS) (width 0.12))
    (fp_line (start 2.5 -4.037) (end 2.5 4.037) (layer F.SilkS) (width 0.12))
    (fp_line (start 2.54 -4.03) (end 2.54 4.03) (layer F.SilkS) (width 0.12))
    (fp_line (start 2.58 -4.024) (end 2.58 4.024) (layer F.SilkS) (width 0.12))
    (fp_line (start 2.621 -4.017) (end 2.621 4.017) (layer F.SilkS) (width 0.12))
    (fp_line (start 2.661 -4.01) (end 2.661 4.01) (layer F.SilkS) (width 0.12))
    (fp_line (start 2.701 -4.002) (end 2.701 4.002) (layer F.SilkS) (width 0.12))
    (fp_line (start 2.741 -3.994) (end 2.741 3.994) (layer F.SilkS) (width 0.12))
    (fp_line (start 2.781 -3.985) (end 2.781 -1.04) (layer F.SilkS) (width 0.12))
    (fp_line (start 2.781 1.04) (end 2.781 3.985) (layer F.SilkS) (width 0.12))
    (fp_line (start 2.821 -3.976) (end 2.821 -1.04) (layer F.SilkS) (width 0.12))
    (fp_line (start 2.821 1.04) (end 2.821 3.976) (layer F.SilkS) (width 0.12))
    (fp_line (start 2.861 -3.967) (end 2.861 -1.04) (layer F.SilkS) (width 0.12))
    (fp_line (start 2.861 1.04) (end 2.861 3.967) (layer F.SilkS) (width 0.12))
    (fp_line (start 2.901 -3.957) (end 2.901 -1.04) (layer F.SilkS) (width 0.12))
    (fp_line (start 2.901 1.04) (end 2.901 3.957) (layer F.SilkS) (width 0.12))
    (fp_line (start 2.941 -3.947) (end 2.941 -1.04) (layer F.SilkS) (width 0.12))
    (fp_line (start 2.941 1.04) (end 2.941 3.947) (layer F.SilkS) (width 0.12))
    (fp_line (start 2.981 -3.936) (end 2.981 -1.04) (layer F.SilkS) (width 0.12))
    (fp_line (start 2.981 1.04) (end 2.981 3.936) (layer F.SilkS) (width 0.12))
    (fp_line (start 3.021 -3.925) (end 3.021 -1.04) (layer F.SilkS) (width 0.12))
    (fp_line (start 3.021 1.04) (end 3.021 3.925) (layer F.SilkS) (width 0.12))
    (fp_line (start 3.061 -3.914) (end 3.061 -1.04) (layer F.SilkS) (width 0.12))
    (fp_line (start 3.061 1.04) (end 3.061 3.914) (layer F.SilkS) (width 0.12))
    (fp_line (start 3.101 -3.902) (end 3.101 -1.04) (layer F.SilkS) (width 0.12))
    (fp_line (start 3.101 1.04) (end 3.101 3.902) (layer F.SilkS) (width 0.12))
    (fp_line (start 3.141 -3.889) (end 3.141 -1.04) (layer F.SilkS) (width 0.12))
    (fp_line (start 3.141 1.04) (end 3.141 3.889) (layer F.SilkS) (width 0.12))
    (fp_line (start 3.181 -3.877) (end 3.181 -1.04) (layer F.SilkS) (width 0.12))
    (fp_line (start 3.181 1.04) (end 3.181 3.877) (layer F.SilkS) (width 0.12))
    (fp_line (start 3.221 -3.863) (end 3.221 -1.04) (layer F.SilkS) (width 0.12))
    (fp_line (start 3.221 1.04) (end 3.221 3.863) (layer F.SilkS) (width 0.12))
    (fp_line (start 3.261 -3.85) (end 3.261 -1.04) (layer F.SilkS) (width 0.12))
    (fp_line (start 3.261 1.04) (end 3.261 3.85) (layer F.SilkS) (width 0.12))
    (fp_line (start 3.301 -3.835) (end 3.301 -1.04) (layer F.SilkS) (width 0.12))
    (fp_line (start 3.301 1.04) (end 3.301 3.835) (layer F.SilkS) (width 0.12))
    (fp_line (start 3.341 -3.821) (end 3.341 -1.04) (layer F.SilkS) (width 0.12))
    (fp_line (start 3.341 1.04) (end 3.341 3.821) (layer F.SilkS) (width 0.12))
    (fp_line (start 3.381 -3.805) (end 3.381 -1.04) (layer F.SilkS) (width 0.12))
    (fp_line (start 3.381 1.04) (end 3.381 3.805) (layer F.SilkS) (width 0.12))
    (fp_line (start 3.421 -3.79) (end 3.421 -1.04) (layer F.SilkS) (width 0.12))
    (fp_line (start 3.421 1.04) (end 3.421 3.79) (layer F.SilkS) (width 0.12))
    (fp_line (start 3.461 -3.774) (end 3.461 -1.04) (layer F.SilkS) (width 0.12))
    (fp_line (start 3.461 1.04) (end 3.461 3.774) (layer F.SilkS) (width 0.12))
    (fp_line (start 3.501 -3.757) (end 3.501 -1.04) (layer F.SilkS) (width 0.12))
    (fp_line (start 3.501 1.04) (end 3.501 3.757) (layer F.SilkS) (width 0.12))
    (fp_line (start 3.541 -3.74) (end 3.541 -1.04) (layer F.SilkS) (width 0.12))
    (fp_line (start 3.541 1.04) (end 3.541 3.74) (layer F.SilkS) (width 0.12))
    (fp_line (start 3.581 -3.722) (end 3.581 -1.04) (layer F.SilkS) (width 0.12))
    (fp_line (start 3.581 1.04) (end 3.581 3.722) (layer F.SilkS) (width 0.12))
    (fp_line (start 3.621 -3.704) (end 3.621 -1.04) (layer F.SilkS) (width 0.12))
    (fp_line (start 3.621 1.04) (end 3.621 3.704) (layer F.SilkS) (width 0.12))
    (fp_line (start 3.661 -3.686) (end 3.661 -1.04) (layer F.SilkS) (width 0.12))
    (fp_line (start 3.661 1.04) (end 3.661 3.686) (layer F.SilkS) (width 0.12))
    (fp_line (start 3.701 -3.666) (end 3.701 -1.04) (layer F.SilkS) (width 0.12))
    (fp_line (start 3.701 1.04) (end 3.701 3.666) (layer F.SilkS) (width 0.12))
    (fp_line (start 3.741 -3.647) (end 3.741 -1.04) (layer F.SilkS) (width 0.12))
    (fp_line (start 3.741 1.04) (end 3.741 3.647) (layer F.SilkS) (width 0.12))
    (fp_line (start 3.781 -3.627) (end 3.781 -1.04) (layer F.SilkS) (width 0.12))
    (fp_line (start 3.781 1.04) (end 3.781 3.627) (layer F.SilkS) (width 0.12))
    (fp_line (start 3.821 -3.606) (end 3.821 -1.04) (layer F.SilkS) (width 0.12))
    (fp_line (start 3.821 1.04) (end 3.821 3.606) (layer F.SilkS) (width 0.12))
    (fp_line (start 3.861 -3.584) (end 3.861 -1.04) (layer F.SilkS) (width 0.12))
    (fp_line (start 3.861 1.04) (end 3.861 3.584) (layer F.SilkS) (width 0.12))
    (fp_line (start 3.901 -3.562) (end 3.901 -1.04) (layer F.SilkS) (width 0.12))
    (fp_line (start 3.901 1.04) (end 3.901 3.562) (layer F.SilkS) (width 0.12))
    (fp_line (start 3.941 -3.54) (end 3.941 -1.04) (layer F.SilkS) (width 0.12))
    (fp_line (start 3.941 1.04) (end 3.941 3.54) (layer F.SilkS) (width 0.12))
